-.000225433
.000846884
-.000458902
-.002736452
.001713281
.002668062
.003346147
-.000830345
.001689533
-.002138405
.003837110
-.002739386
.000920695
-.000824225
-.002396648
.003792700
.001639244
-.001909375
.002354250
.003073018
.000866317
-.001378366
.003145559
-.001611209
.002962100
.003483505
-.000379053
-.002053095
-.000440660
-.000118662
.000116665
.002360673
-.001991345
-.000039474
.002878826
-.001184389
.000712567
-.002826996
-.000754988
.000753432
.002236359
-.001289249
.001674998
-.002021804
.003133800
.003201211
.000644145
-.000475928
.002868142
.002073658
-.000453989
.001148435
.001196770
-.000596457
.000081522
.002237817
.001535618
.001078699
-.000142838
.001475767
-.000359955
.002460119
.001628891
.001746977
.001227919
.003646907
.000427254
.002751506
.002935119
-.002063551
.003936285
-.002659796
.003861575
-.002823883
.000716694
.002515628
.003713863
-.001330518
.003843973
.002129390
-.002082376
.001405313
.000207372
.004176600
-.001084344
.002217073
.000770119
.001406710
-.001430315
.002165688
.004279465
.004279465
.004279465
.004279465
.004279465
.004279465
.004279465
.004279465
.004279465
.004279465
.004279465
.004279465
.004279465
.004279465
.004279465
.004279465
.004279465
.004279465
.004279465
.004279465
.004279465
.004279465
.004279465
.004279465
.004279465
.004279465
.004279465
.004279465
.004279465
.004279465
.004279465
.004279465
.004279465
.004279465
.004279465
.004279465
.004279465
.004279465
.004279465
.004279465
.004279465
.004279465
.004279465
.004279465
.004279465
.004279465
.004279465
.004279465
.004279465
.004279465
.004279465
.004279465
.004279465
.004279465
.004279465
.004273465
.004184714
.004089648
.003987206
.003878052
.003762035
.003639096
.003510214
.003375036
.003234544
.003088546
.002937745
.002782889
.002624751
.002463466
.002300314
.002135082
.001970099
.001804701
.001640947
.001478826
.001320274
.001165164
.001015336
.000871767
.000734825
.000606347
.000487225
.000378126
.000280592
.000195395
.000123665
.000066599
.000026039
.000003527
