-.002132328
-.001954744
-.001962875
-.001971556
-.001980650
-.001989887
-.001999373
-.002009191
-.002019195
-.002029417
-.002039886
-.002050792
-.002061819
-.002073118
-.002084645
-.002096416
-.002108550
-.002120810
-.002133337
-.002146116
-.002159027
-.002172040
-.002185310
-.002198628
-.002212127
-.002225571
-.002238952
-.002252307
-.002265569
-.002278653
-.002291347
-.002303771
-.002315627
-.002326995
-.002337502
-.002347334
-.002356128
-.002363778
-.002370095
-.002375007
-.002378142
-.002379364
-.002378597
-.002375440
-.002369820
-.002361380
-.002349977
-.002335331
-.002317234
-.002295460
-.002269875
-.002240258
-.002206602
-.002168461
-.002126101
-.002079288
-.002028099
-.001972540
-.001912769
-.001848880
-.001780954
-.001709559
-.001634784
-.001557105
-.001476743
-.001394390
-.001310361
-.001225214
-.001139520
-.001053717
-.000968454
-.000884191
-.000801563
-.000721062
-.000643060
-.000568160
-.000496821
-.000429188
-.000365895
-.000307067
-.000252997
-.000203962
-.000159905
-.000121149
-.000087678
-.000059504
-.000036784
-.000019410
-.000007420
-.000001053
.003954103
.003593933
.003584009
.003575842
.003568560
.003561982
.003556061
.003550564
.003545737
.003541426
.003537466
.003533957
.003530985
.003528232
.003525934
.003523762
.003521937
.003520298
.003518737
.003517262
.003515771
.003514338
.003512760
.003510997
.003508929
.003506646
.003503885
.003500666
.003496773
.003492295
.003486905
.003480650
.003473447
.003465103
.003455504
.003444527
.003432016
.003417912
.003402022
.003384244
.003364444
.003342513
.003318311
.003291717
.003262556
.003230803
.003196329
.003159014
.003118813
.003075704
.003029469
.002980191
.002927780
.002872177
.002813547
.002751637
.002686641
.002618528
.002547340
.002473156
.002395990
.002315852
.002232908
.002147301
.002058951
.001968165
.001875070
.001779780
.001682707
.001583691
.001483336
.001381955
.001279723
.001177231
.001074788
.000973094
.000872546
.000773869
.000677543
.000584362
.000495056
.000410590
.000331422
.000258475
.000192586
.000134752
.000085683
.000046454
.000018277
.000002584
