-.199999839
-.189807819
-.058993534
.066765791
.185222209
.135315278
-.065857981
.166130878
.118345468
.133077254
-.061982921
.148473570
-.164032654
.155313532
.080391559
.093821031
-.079929671
-.180112907
.163275747
-.160936557
-.183874644
-.165990078
.023528389
.170580695
-.169743687
.164715840
-.163271126
.055106571
.140916831
-.151568914
.197829797
.111300137
-.192133987
-.132054536
.197897323
.101476992
-.112810492
.063717028
.015607357
-.007974652
.135690573
-.189831914
.195753174
.034308277
.106827163
-.022073259
.083802027
.117810438
-.024519457
-.116498679
.092444862
.066292411
.088829675
-.115411607
-.076699383
-.094804432
.100918366
.019917821
.054689576
.052404142
-.002086354
-.011721978
-.150994013
.013958680
-.122337162
.187162134
.035692081
-.192950668
-.074262902
.021321214
.070513365
-.193246684
-.093737626
-.015647981
.134980010
-.108418775
.049406196
-.181817321
.009288994
.123873582
-.067286001
.156771217
.081126092
.098413067
-.096371141
.068519978
.061989736
.174178008
.188503084
.000380902
-.028079698
-.073153747
.041473713
-.132516588
.170582298
.014226164
.015116363
.025948308
-.052113331
-.004763446
-.122948659
.041114592
.055625221
-.008887617
.098638668
.064325233
.189948841
.155705170
.113558253
.191109871
.057617891
-.077010405
-.104922542
-.086607431
.175751757
-.111951520
.070537258
.019237880
-.097386310
-.131132271
.137538802
.146728171
-.017602974
.043147580
.052012942
-.123970179
-.163778683
.082691026
-.097331116
-.082121827
-.048437212
-.138075820
.147359930
.184970167
-.124377199
.068858328
-.119402565
.184079167
.040653761
.094656890
.169334765
-.058759382
.191164380
.109383206
.027707065
-.127187001
.053067517
.123719688
-.138105610
.039564744
.063478730
-.049228992
.127002628
.017931714
.192888537
.171606426
.124852987
-.178378574
-.119503986
.052523688
-.158002392
-.134506611
.007427027
-.116332614
-.093053023
-.172215858
-.191859886
.122138658
.016562506
.176421742
.087734405
.016182033
.110044808
-.182759346
-.099413215
.045957354
-.056995337
-.111259201
.164411959
-.118567578
