-.00155663
-.00143556
-.00145057
-.00146613
-.00148200
-.00149813
-.00151452
-.00153116
-.00154808
-.00156524
-.00158266
-.00160035
-.00161828
-.00163648
-.00165493
-.00167362
-.00169252
-.00171165
-.00173097
-.00175049
-.00177015
-.00178996
-.00180986
-.00182983
-.00184984
-.00186983
-.00188974
-.00190950
-.00192908
-.00194839
-.00196735
-.00198583
-.00200381
-.00202109
-.00203760
-.00205319
-.00206774
-.00208106
-.00209300
-.00210339
-.00211204
-.00211879
-.00212339
-.00212565
-.00212535
-.00212229
-.00211625
-.00210702
-.00209441
-.00207820
-.00205823
-.00203434
-.00200642
-.00197432
-.00193801
-.00189743
-.00185260
-.00180359
-.00175047
-.00169338
-.00163256
-.00156821
-.00150064
-.00143021
-.00135728
-.00128228
-.00120565
-.00112786
-.00104944
-.00097088
-.00089268
-.00081535
-.00073942
-.00066535
-.00059362
-.00052464
-.00045882
-.00039654
-.00033813
-.00028383
-.00023392
-.00018855
-.00014790
-.00011208
-.00008113
-.00005512
-.00003405
-.00001794
-.00000688
-.00000096
.00427947
.00398365
.00397058
.00395919
.00394858
.00393852
.00392898
.00391992
.00391125
.00390298
.00389505
.00388744
.00388012
.00387306
.00386617
.00385945
.00385284
.00384629
.00383975
.00383315
.00382650
.00381965
.00381258
.00380521
.00379748
.00378930
.00378062
.00377131
.00376132
.00375053
.00373885
.00372619
.00371242
.00369746
.00368118
.00366348
.00364424
.00362331
.00360061
.00357603
.00354941
.00352067
.00348966
.00345629
.00342046
.00338206
.00334100
.00329721
.00325060
.00320112
.00314870
.00309332
.00303493
.00297350
.00290904
.00284155
.00277103
.00269753
.00262105
.00254168
.00245944
.00237441
.00228669
.00219636
.00210357
.00200844
.00191113
.00181184
.00171077
.00160821
.00150443
.00139978
.00129464
.00118940
.00108457
.00098063
.00087818
.00077778
.00068013
.00058588
.00049575
.00041051
.00033092
.00025778
.00019187
.00013403
.00008512
.00004609
.00001813
.00000259
