-.002466180
-.002256579
-.002262337
-.002268214
-.002274185
-.002280232
-.002287453
-.002294335
-.002301512
-.002308764
-.002316480
-.002324727
-.002332782
-.002341208
-.002349038
-.002358281
-.002367311
-.002377117
-.002386804
-.002395717
-.002406122
-.002416428
-.002426563
-.002437351
-.002447345
-.002457919
-.002468493
-.002479087
-.002489181
-.002499310
-.002509206
-.002518455
-.002527427
-.002535747
-.002543553
-.002550199
-.002556174
-.002560942
-.002564273
-.002565817
-.002566276
-.002564190
-.002560379
-.002554235
-.002545135
-.002533941
-.002518834
-.002500323
-.002478858
-.002453350
-.002423989
-.002390495
-.002352798
-.002310206
-.002264209
-.002212655
-.002156963
-.002096814
-.002031504
-.001962949
-.001889977
-.001813291
-.001733470
-.001650251
-.001563870
-.001476790
-.001386880
-.001296617
-.001205508
-.001114311
-.001023844
-.000934717
-.000847175
-.000761512
-.000679313
-.000600068
-.000524255
-.000453339
-.000386325
-.000324265
-.000266718
-.000215499
-.000169235
-.000127745
-.000092932
-.000062491
-.000038463
-.000019710
-.000007851
-.000001224
.003771125
.003427521
.003418481
.003410657
.003404479
.003398950
.003393637
.003389521
.003385488
.003382069
.003379166
.003376774
.003374905
.003373017
.003371689
.003371072
.003370192
.003369629
.003369829
.003369383
.003369254
.003369340
.003368653
.003368619
.003368005
.003367176
.003365886
.003363962
.003361442
.003358812
.003354898
.003350413
.003344628
.003337549
.003329496
.003319826
.003309601
.003297188
.003283033
.003266852
.003248446
.003228160
.003205622
.003181384
.003153670
.003124103
.003091083
.003055518
.003017684
.002976167
.002931730
.002884969
.002834312
.002781542
.002724809
.002665260
.002603070
.002537399
.002469222
.002398198
.002324272
.002246881
.002166777
.002085005
.001999953
.001912931
.001822931
.001731322
.001637558
.001543006
.001445909
.001347850
.001249217
.001149992
.001050702
.000951881
.000854516
.000758475
.000664932
.000574012
.000486694
.000403613
.000326396
.000255028
.000189678
.000133185
.000084652
.000046064
.000018247
.000002581
