-.002117566
-.001918761
-.001904285
-.001889661
-.001874588
-.001859017
-.001842929
-.001826312
-.001809163
-.001791492
-.001773282
-.001754549
-.001735278
-.001715473
-.001695150
-.001674286
-.001652903
-.001631006
-.001608597
-.001585677
-.001562247
-.001538338
-.001513937
-.001489067
-.001463727
-.001437947
-.001411716
-.001385073
-.001358018
-.001330572
-.001302752
-.001274577
-.001246069
-.001217246
-.001188130
-.001158746
-.001129119
-.001099270
-.001069232
-.001039033
-.001008691
-.000978235
-.000947706
-.000917132
-.000886537
-.000855964
-.000825433
-.000794980
-.000764649
-.000734461
-.000704456
-.000674676
-.000645138
-.000615892
-.000586958
-.000558389
-.000530207
-.000502449
-.000475148
-.000448334
-.000422044
-.000396318
-.000371172
-.000346650
-.000322769
-.000299564
-.000277070
-.000255299
-.000234291
-.000214066
-.000194641
-.000176040
-.000158301
-.000141420
-.000125426
-.000110334
-.000096165
-.000082923
-.000070622
-.000059283
-.000048911
-.000039505
-.000031090
-.000023653
-.000017210
-.000011756
-.000007310
-.000003880
-.000001494
-.000000209
.002610354
.002346032
.002314563
.002284733
.002255558
.002226783
.002198319
.002170115
.002142126
.002114335
.002086691
.002059170
.002031739
.002004370
.001977040
.001949724
.001922398
.001895041
.001867629
.001840165
.001812601
.001784939
.001757173
.001729271
.001701236
.001673052
.001644712
.001616211
.001587543
.001558697
.001529677
.001500470
.001471083
.001441508
.001411756
.001381814
.001351694
.001321405
.001290936
.001260298
.001229508
.001198554
.001167467
.001136236
.001104880
.001073407
.001041836
.001010180
.000978445
.000946663
.000914828
.000882979
.000851126
.000819296
.000787507
.000755783
.000724157
.000692642
.000661280
.000630094
.000599115
.000568385
.000537927
.000507789
.000478008
.000448616
.000419669
.000391194
.000363261
.000335888
.000309154
.000283097
.000257764
.000233229
.000209530
.000186742
.000164914
.000144123
.000124417
.000105868
.000088549
.000072520
.000057866
.000044650
.000032944
.000022831
.000014403
.000007751
.000003037
.000000432
