-.003056760
-.003056752
-.003056744
-.003056741
-.003056757
-.003056749
-.003056759
-.003056757
-.003056755
-.003056757
-.003056759
-.003056757
-.003056760
-.003056758
-.003056740
-.003056758
-.003056759
-.003056759
-.003056750
-.003056759
-.003056754
-.003056758
-.003056753
-.003056759
-.003056751
-.003056756
-.003056750
-.003056760
-.003056758
-.003056752
-.003056758
-.003056752
-.003056747
-.003056760
-.003056750
-.003056760
-.003056757
-.003056758
-.003056747
-.003056758
-.003056757
-.003056759
-.003056749
-.003056757
-.003056741
-.003056737
-.003050557
-.003021760
-.002987553
-.002950601
-.002909389
-.002863532
-.002812010
-.002757053
-.002693749
-.002628836
-.002558890
-.002484114
-.002402219
-.002316190
-.002227015
-.002133353
-.002037375
-.001937961
-.001834244
-.001729759
-.001623060
-.001514315
-.001407800
-.001300097
-.001193524
-.001088421
-.000985911
-.000884202
-.000789244
-.000696364
-.000608736
-.000524928
-.000447878
-.000375561
-.000309082
-.000248451
-.000193574
-.000148454
-.000107537
-.000072474
-.000043351
-.000022837
-.000010115
-.000001800
.003299141
.003000035
.002991140
.002985631
.002980984
.002978853
.002974779
.002971320
.002969970
.002968088
.002967769
.002966728
.002966039
.002966278
.002968301
.002968698
.002971155
.002972684
.002974997
.002977741
.002979544
.002981021
.002984505
.002985842
.002988894
.002990004
.002991883
.002993083
.002993572
.002993142
.002991898
.002992086
.002988736
.002984703
.002978244
.002973306
.002965647
.002957099
.002944793
.002932113
.002916620
.002900187
.002879403
.002856566
.002831239
.002805442
.002773606
.002741071
.002703671
.002666002
.002624144
.002580820
.002532745
.002482847
.002432099
.002376937
.002321060
.002261388
.002198580
.002136344
.002068825
.002000475
.001930413
.001859288
.001783392
.001708575
.001629082
.001550381
.001467607
.001385291
.001301207
.001215045
.001129772
.001041160
.000954813
.000866012
.000780841
.000694071
.000609587
.000527043
.000448584
.000374288
.000303340
.000237405
.000178454
.000125267
.000080708
.000042452
.000017390
.000003312
