-.001533974
-.001415103
-.001430413
-.001446300
-.001462499
-.001478958
-.001495660
-.001512644
-.001529864
-.001547355
-.001565098
-.001583103
-.001601368
-.001619867
-.001638637
-.001657633
-.001676852
-.001696288
-.001715925
-.001735739
-.001755726
-.001775817
-.001796034
-.001816295
-.001836598
-.001856871
-.001877056
-.001897121
-.001916966
-.001936564
-.001955769
-.001974542
-.001992746
-.002010300
-.002027057
-.002042890
-.002057665
-.002071214
-.002083383
-.002094007
-.002102886
-.002109833
-.002114646
-.002117112
-.002117019
-.002114154
-.002108312
-.002099281
-.002086866
-.002070849
-.002051076
-.002027389
-.001999659
-.001967780
-.001931669
-.001891312
-.001846699
-.001797884
-.001744994
-.001688129
-.001627526
-.001563429
-.001496108
-.001425907
-.001353234
-.001278472
-.001202085
-.001124566
-.001046379
-.000968058
-.000890080
-.000813000
-.000737293
-.000663438
-.000591930
-.000523159
-.000457540
-.000395435
-.000337181
-.000283033
-.000233259
-.000188022
-.000147500
-.000111770
-.000080914
-.000054979
-.000033946
-.000017892
-.000006834
-.000000964
.004279465
.004001379
.003988119
.003976555
.003965770
.003955544
.003945799
.003936520
.003927658
.003919171
.003911028
.003903193
.003895652
.003888331
.003881201
.003874231
.003867360
.003860548
.003853750
.003846888
.003839923
.003832806
.003825436
.003817759
.003809734
.003801247
.003792230
.003782601
.003772282
.003761150
.003749137
.003736113
.003722019
.003706706
.003690075
.003672011
.003652403
.003631145
.003608080
.003583105
.003556134
.003527035
.003495668
.003461969
.003425771
.003387050
.003345648
.003301545
.003254609
.003204817
.003152102
.003096424
.003037740
.002976058
.002911320
.002843601
.002772835
.002699113
.002622421
.002542844
.002460418
.002375208
.002287317
.002196856
.002103912
.002008644
.001911232
.001811825
.001710688
.001608041
.001504203
.001399485
.001294297
.001189032
.001084177
.000980244
.000877771
.000777400
.000679746
.000585522
.000495438
.000410233
.000330680
.000257563
.000191706
.000133914
.000085046
.000046042
.000018099
.000002599
